# id	left	top	right	bottom	texture_id
[SPRITES]
#Coin box
100000	301	26	308	39	60
101000	310	26	317	39	60
102000	319	26	326	39	60
103000	328	26	335	39	60

#Point effect
# 100
110000	446	25	457	32	60
# 1000
111000	463	25	478	32	60

#1UP
110001	463	61	478	68	60

#Break Brick
112000	1089	103	1096	112	30

#Mushroom
120001	257	373	272	388	120
120002	319	374	328	389	120
#star
120003	277	374	292	389	120
120004	332	375	341	390	120
#flowerBlue
120005	297	373	312	388	120
120006	347	374	356	389	120



# ani_id	sprite1_id	time1	sprite2_id	time2	...
[ANIMATIONS]
#ani coin
100000	100000	100	101000	100	102000	100	103000	100

#ani mush room
120000	120001	100	120002	100
#ani star
120001	120003	100	120004	100
#ani flowerBlue
120002	120005	100	120006	100