# id	left	top	right	bottom	texture_id
[SPRITES]
#Chimney
300000	5	28	36	75	40
300001	5	28	36	59	40
300002	5	44	36	75	40
#CHIMNEY HIDDEN
300011	1	69	16	84	30
300012	18	69	33	84	30
300021	1	86	16	101	30
300022	18	86	33	101	30

#Red Flower Left
310000	128	144	143	175	70
311000	144	144	159	175	70
312000	160	144	175	175	70
313000	176	144	191	175	70

#Red Flower Right
314000	544	144	559	175	80
315000	528	144	543	175	80
316000	512	144	527	175	80
317000	496	144	511	175	80

#Green Flower Left
310010	32	144	47	175	90
311010	48	144	63	175	90
312010	64	144	79	175	90
313010	80	144	95	175	90

#Green Flower Right
314010	144	239	159	270	90
315010	128	239	143	270	90
316010	112	239	127	270	90
317010	96	239	111	270	90

#FLOWER AN THIT NGUOI
320010	0	144	15	175	90
320011	16	144	31	175	90

# ani_id	sprite1_id	time1	sprite2_id	time2	...
[ANIMATIONS]
#-----------RED---------------
#left low
310000	310000	100	311000	100

#left high
312000	312000	100	313000	100

#right low
314000	314000	100	315000	100

#right high
316000	316000	100	317000	100

#----------GREEN--------------
#left low
310010	310010	100	311010	100

#left high
312010	312010	100	313010	100

#right low
314010	314010	100	315010	100

#right high
316010	316010	100	317010	100

#-----------NOT FIER-----------
320010	320010	100	320011	100