# id	left	top	right	bottom	texture_id
[SPRITES]
#WALK
31001	0	0	15	15	90
31002	16	0	31	15	90

#DIE
32001	32	8	47	15	90
#DIE For TOTOISESHELL
32002	6	25	21	40	90

#GOOMBA JUMP
#WALK
33001	88	0	103	15	90
33002	104	0	119	15	90

#DIE
34001	120	8	135	15	90
#DIE For TOTOISESHELL
34002	22	25	37	40	90

#WING
35001	160	1	179	32	90
35002	180	1	199	32	90
35003	200	1	219	32	90
35004	220	1	239	32	90


# ani_id	sprite1_id	time1	sprite2_id	time2	...
[ANIMATIONS]
5000	31001	100	31002	100
5001	32001	100
5002	32002	100

#GOOMPA JUMP
#WALK
33000	33001	100	33002	100
#DIE
34000	34001	100
34001	34002	100
#WALK WING
35000	35002	100	35004	100
#JUMP
35001	35001	50	35002	50	35003	50	35004	50