# list of object assets to load in this scene
[ASSETS]
mario.txt
brick.txt
land.txt
boxcolor.txt
background.txt
goomba.txt
giftbox.txt
specials.txt
effect.txt
enemy.txt
bullet.txt
turtle.txt
#
[OBJECTS]
# type	x	y	extra_settings per object type
# type: 0 = Mario , 1 = Brick, 2 = Goomba, 3 = Koopas
# See OBJECT_TYPE constants in AssetIDs.h

#Obj background start
#background black
16	31	198	64	60	8	69001	69001	69001
16	31	138	64	60	8	69001	69001	69001
16	31	78	64	60	8	69001	69001	69001
16	31	18	64	60	8	69001	69001	69001
16	31	-38	64	60	8	69001	69001	69001
16	31	-98	64	60	8	69001	69001	69001


#Platform
#type	x	y	width	height	amount	begin mid end
5 	8	160	16	16	32	69999	69999	69999
5 	8	144	16	16	32	69999	69999	69999

5 	8	128	16	16	8	69999	69999	69999
5 	8	112	16	16	8	69999	69999	69999
5 	8	96	16	16	8	69999	69999	69999
5 	8	80	16	16	8	69999	69999	69999
5 	8	64	16	16	8	69999	69999	69999
5 	8	48	16	16	8	69999	69999	69999
5 	8	32	16	16	8	69999	69999	69999
5 	8	16	16	16	8	69999	69999	69999
5 	8	0	16	16	8	69999	69999	69999
5 	8	-16	16	16	8	69999	69999	69999

5	264	128	16	16	16	69999	69999	69999
5 	280	112	16	16	15	69999	69999	69999
5 	296	96	16	16	14	69999	69999	69999
5 	312	80	16	16	14	69999	69999	69999
5 	328	64	16	16	12	69999	69999	69999
5 	344	48	16	16	11	69999	69999	69999
5 	392	32	16	16	8	69999	69999	69999
5 	392	16	16	16	8	69999	69999	69999
5 	392	0	16	16	8	69999	69999	69999
5 	392	-16	16	16	8	69999	69999	69999

5 	168	-16	16	16	12	69999	69999	69999

5 	8	-32	16	16	32	69999	69999	69999

#Chimney
5 	136	0	16	16	2	300011	300012	300012
5 	136	-16	16	16	2	300021	300022	300022

5 	360	0	16	16	2	300011	300012	300012
5 	360	-16	16	16	2	300021	300022	300022

#COIN
4	232	112	1
4	248	112	1
4	216	96	1
4	264	96	1
4	264	80	1
4	232	64	1
4	248	64	1
4	264	48	1
4	216	32	1
4	264	32	1
4	232	16	1
4	248	16	1

# MARIO
0	160	60