# list of object assets to load in this scene
[ASSETS]
mario.txt
brick.txt
land.txt
boxcolor.txt
background.txt
goomba.txt
giftbox.txt
specials.txt
effect.txt
enemy.txt
bullet.txt
turtle.txt
#
[OBJECTS]
# type	x	y	extra_settings per object type
# type: 0 = Mario , 1 = Brick, 2 = Goomba, 3 = Koopas
# See OBJECT_TYPE constants in AssetIDs.h


#Obj background start
#type	x	y	width height sprite
7	79	120	128	64	200000
7	880	104	128	64	200002	
7	975	112	64	48	200001
7	1919	128	64	48	200001
7	2415	88	96	128	200003
#small tree
11	167	144	16	16	3	210000	210000	210000
11	679	128	16	16	6	210000	210000	210000
11	1047	128	16	16	2	210000	210000	210000
11	1191	144	16	16	3	210000	210000	210000
11	1735	144	16	16	3	210000	210000	210000
#TitleMap
#type	x	y	width	height	amount	begin mid end
11	119	16	16	16	4	66001	66002	66003
11	119	32	16	16	4	66004	66005	66006

11	327	0	16	16	3	66001	66002	66003
11	327	16	16	16	3	66004	66005	66006

11	647	16	16	16	3	66001	66002	66003
11	647	32	16	16	3	66004	66005	66006

11	727	48	16	16	5	66001	66002	66003
11	727	64	16	16	5	66004	66005	66006

11	1175	16	16	16	3	66001	66002	66003
11	1175	32	16	16	3	66004	66005	66006

11	1655	16	16	16	5	66001	66002	66003
11	1655	32	16	16	5	66004	66005	66006
#Obj background end

#Box color
#type	x	y	width	height	
6	264	128	48	48	70000	0
6	300	112	56	80	70001	8
6	439	128	80	48	71000	0
6	563	136	104	32	71001	8
6	495	112	64	80	71002	0
6	547	96	72	112	71003	8
6	1319	136	112	32	72000	0
6	1351	120	112	64	72001	0
6	1387	104	120	96	72002	8
6	1347	-100	72	40	73000	8
6	2167	128	48	48	74000	0
6	2203	80	56	144	74001	8

#Platform
#type	x	y	width	height	amount	begin mid end
5 	8	160	16	16	39	60000	61000	62000
5 	632	160	16	16	29	63000	64000	65000
5 	632	144	16	16	29	60000	61000	62000
5 	1160	160	16	16	22	60000	61000	62000
5 	1544	160	16	16	5	60000	61000	62000
5 	1672	160	16	16	36	60000	61000	62000
5 	2265	160	16	16	35	60000	61000	62000

5	1511	80	16	16	2	67000	67000	67000
5	1607	112	16	16	1	67000	67000	67000
5	1591	128	16	16	2	67000	67000	67000
5	1575	144	16	16	3	67000	67000	67000
5	1672	112	16	16	1	67000	67000	67000
5	1672	128	16	16	2	67000	67000	67000
5	1672	144	16	16	3	67000	67000	67000
5	2264	112	16	16	2	67000	67000	67000
5	2264	48	16	16	2	67000	67000	67000
#COIN
4	1080	64	1
4	1112	32	1
4	1144	0	1
4	1176	-32	1
4	1208	-64	1
4	1336	-176	1
4	1352	-176	1
4	1368	-176	1
4	1480	-144	1
4	1496	-144	1
4	1544	-128	1
4	1560	-128	1
4	1576	-128	1
4	1592	-128	1
4	1624	-144	1
4	1640	-144	1
4	1656	-144	1
4	1672	-144	1
4	1704	-120	1
4	1735	-144	1
4	1768	-128	1
4	1816	-160	1
4	1848	-128	1
#CLOUD titlemap
12	1415	-64	16	16	4	68000	68000	68000
12	1495	-80	16	16	13	68000	68000	68000

#Giftbox
#type	x	y	typeGift
8	183	96	0
8	199	96	0
8	231	48	0
8	247	48	1
8	663	128	1
8	711	96	0
8	423	64	0
8	1479	112	1

#Flower
91	367	120
#Chimney
#type	x	y	type(tall = 1 or short = 0 or mid = 2)
90	367	128	1
90	1807	136	0
90	1871	128	1
90	2335	136	0
90	2272	136	2

90	2272	-136	1
90	2272	-104	2
90	2272	-72	2
90	2272	-40	2
90	2272	-8	2
90	2272	24	2
#Goomba
2	234	144
2	460	144

#turtle
93	560	100
93	2102	100

#Brick
1	1447	-128	2

# MARIO
0	2000	80

#Enemy manager
99	0	0

#Brick Manager
13	0	0

