# id	left	top	right	bottom	texture_id
[SPRITES]
400001	96	51	111	76	70
400002	112	51	127	76	70

400003	128	48	143	63	70
400004	144	48	159	63	70
400005	160	48	175	63	70
400006	176	48	191	63	70
400007	128	64	143	79	70


410001	576	51	591	76	80
410002	575	51	560	76	80

410003	544	48	559	63	80
410004	528	48	543	63	80
410005	512	48	527	63	80
410006	496	48	511	63	80
410007	544	64	559	79	80


# ani_id	sprite1_id	time1	sprite2_id	time2	...
[ANIMATIONS]
400000	400001	200	400002	200
410000	400003	200	400004	200	400005	200	400006	200

#Hoi sinh
420000	400003	200	400007

400001	410001	200	410002	200
410001	410003	200	410004	200	410005	200	410006	200

#Idle
430000	400003	300